340,52
340,51
340,50
340,49
340,48
340,47
340,46
340,45
340,44
340,43
340,42
340,41
340,40
340,39
340,38
340,37
340,36
340,35
9,2
9,3
8,8
8,7
8,2
8,3
12,2
12,1
12,3
20,2
20,1
20,3
19,2
19,1
19,3
11,28
11,27
11,26
11,25
11,24
11,23
11,22
11,21
11,20
11,1
11,19
10,303
10,302
10,301
10,300
10,299
10,298
10,297
10,296
10,295
10,294
10,293
10,292
10,291
10,290
10,289
18,1
10,288
18,3
10,287
10,286
10,285
10,284
10,283
10,282
14,19
10,281
14,1
10,280
10,279
14,33
10,278
14,3
10,277
13,1
10,276
13,5
10,275
13,3
10,274
10,273
10,272
10,271
10,270
10,269
10,268
10,267
10,266
10,265
10,264
10,263
10,262
10,261
10,260
10,259
10,258
10,257
10,256
10,255
10,254
10,253
10,252
10,251
10,250
10,249
10,248
10,247
10,246
10,245
10,244
10,243
10,242
10,241
10,240
10,239
10,238
10,237
10,236
10,235
10,234
10,233
10,232
10,231
10,230
10,229
10,228
10,227
10,226
10,225
10,224
10,223
10,222
10,221
10,220
10,219
10,218
10,217
10,216
10,215
10,214
10,213
10,212
10,211
10,210
10,209
10,208
10,207
10,206
10,205
10,204
10,203
10,202
10,201
10,200
10,199
10,198
2,2
10,197
10,196
2,1
10,1
2,3
10,195
9,1
9,7
8,17
8,16
8,15
8,14
8,13
8,1
8,12
0,536
0,508
0,506
0,503
0,494
0,493
0,490
0,487
0,481
0,478
0,477
0,474
0,0
340,34
340,33
340,32
340,31
340,30
340,29
340,28
340,27
340,26
340,25
340,24
340,23
340,22
340,21
340,20
340,19
340,18
340,17
340,16
340,15
340,14
340,13
340,12
340,11
340,10
340,9
340,8
340,7
340,6
340,5
340,4
340,3
340,2
340,0
0,473
0,469
0,483
0,393
0,388
0,276
0,398
0,397
0,275
0,272
0,271
0,476
0,12
0,437
0,10
0,482
0,8
0,513
0,467
0,268
0,533
0,466
0,267
0,396
0,465
0,266
0,392
0,464
0,265
0,531
0,463
0,264
0,530
0,462
0,263
0,552
0,461
0,262
0,550
0,460
0,261
0,528
0,459
0,260
0,458
0,259
0,402
0,457
0,258
0,568
0,456
0,257
0,525
0,455
0,256
0,454
0,255
0,573
0,453
0,254
0,540
0,452
0,253
0,522
0,451
0,252
0,521
0,450
0,251
0,401
0,449
0,250
0,551
0,448
0,249
0,519
0,447
0,248
0,518
0,446
0,247
0,567
0,445
